0.01 0
1.01 0
2.01 13.2301
3.01 99.2256
4.01 140.005
5.01 87.9703
6.01 75.9611
7.01 75.2509
8.01 73.6799
9.01 77.6392
10.01 70.5134
11.01 80.4797
12.01 71.1165
13.01 77.6343
14.01 71.9726
15.01 76.4913
16.01 74.7402
17.01 73.0135
18.01 77.8435
19.01 33.4692
20.01 1.66349
21.01 1.17709
22.01 1.05062
23.01 1.2695
24.01 1.75104
25.01 1.56134
26.01 1.6343
27.01 1.20627
28.01 0.904704
29.01 1.41542
30.01 1.7705
31.01 1.53216
32.01 1.56621
33.01 1.05549
34.01 1.09926
35.01 1.46406
36.01 1.7559
37.01 1.54189
38.01 1.5273
39.01 1.01171
40.01 1.07494
41.01 1.56134
42.01 1.7705
43.01 1.5273
44.01 1.4592
45.01 0.904704
46.01 1.2695
47.01 1.56134
48.01 1.75104
49.01 1.51757
50.01 1.2695
