0.01 0
1.01 0
2.01 9.92256
3.01 155.04
4.01 169.18
5.01 110.885
6.01 114.168
7.01 110.731
8.01 113.398
9.01 113.865
10.01 112.712
11.01 25.1055
12.01 2.19974
13.01 1.66714
14.01 2.49888
15.01 2.13043
16.01 1.7401
17.01 2.48429
18.01 2.13043
19.01 1.7401
20.01 2.47699
21.01 1.96627
22.01 1.9225
23.01 2.47334
24.01 1.90426
25.01 1.97722
26.01 2.47334
27.01 1.77293
28.01 2.12314
29.01 2.45146
30.01 1.67078
31.01 2.23258
32.01 2.41498
33.01 1.68173
34.01 2.26906
35.01 2.38944
36.01 1.62336
37.01 2.34202
38.01 2.35296
39.01 1.67443
40.01 2.34202
41.01 2.23622
42.01 1.77658
43.01 2.34202
44.01 2.19974
45.01 1.824
46.01 2.34202
47.01 2.13043
48.01 1.88237
49.01 2.34202
50.01 2.05382
