0.01 0
1.01 0
2.01 9.92256
3.01 155.04
4.01 169.18
5.01 110.885
6.01 114.168
7.01 111.224
8.01 113.048
9.01 113.938
10.01 112.679
11.01 25.08
12.01 2.25811
13.01 1.68173
14.01 2.41498
15.01 2.24352
16.01 1.62336
17.01 2.49888
18.01 2.1961
19.01 1.67443
20.01 2.48429
21.01 2.09395
22.01 1.77658
23.01 2.47699
24.01 2.06477
25.01 1.824
26.01 2.47334
27.01 1.9991
28.01 1.88237
29.01 2.47334
30.01 1.9991
31.01 1.89696
32.01 2.45146
33.01 1.83494
34.01 2.06842
35.01 2.43686
36.01 1.79482
37.01 2.13408
38.01 2.41862
39.01 1.67078
40.01 2.26541
41.01 2.39674
42.01 1.58323
43.01 2.38944
44.01 2.32378
45.01 1.61606
46.01 2.41498
47.01 2.30189
48.01 1.56499
49.01 2.49888
50.01 2.1961
