# Time(s)	Cumulative_Traffic(MB)
0.01	0
0.11	0
0.21	0
0.31	0
0.41	0
0.51	0
0.61	0
0.71	0
0.81	0
0.91	0
1.01	0
1.11	0
1.21	0
1.31	0
1.41	0
1.51	0
1.61	0
1.71	0
1.81	0
1.91	0
2.01	0.788574
2.11	1.52786
2.21	2.36572
2.31	3.25287
2.41	4.04144
2.51	5.12573
2.61	6.21002
2.71	6.94931
2.81	7.78717
2.91	8.67432
3.01	9.46289
3.11	10.6458
3.21	12.22
3.31	13.5209
3.41	14.7614
3.51	15.8892
3.61	17.0019
3.71	18.1787
3.81	19.2586
3.91	20.0547
4.01	20.8137
4.11	21.5084
4.21	22.1636
4.31	22.9898
4.41	23.8022
4.51	24.4032
4.61	24.999
4.71	25.5942
4.81	26.1879
4.91	26.9782
5.01	27.7691
5.11	28.3835
5.21	29.0056
5.31	29.6199
5.41	30.2267
5.51	31.022
5.61	31.8149
5.71	32.4081
5.81	33.0018
5.91	33.5959
6.01	34.2038
6.11	35.0281
6.21	35.8366
6.31	36.4458
6.41	37.045
6.51	37.6408
6.61	38.2345
6.71	39.0257
6.81	39.8163
6.91	40.4185
7.01	41.0456
7.11	41.6567
7.21	42.2699
7.31	43.0677
7.41	43.861
7.51	44.4556
7.61	45.049
7.71	45.6425
7.81	46.2421
7.91	47.0599
8.01	47.8711
8.11	48.4814
8.21	49.0806
8.31	49.6758
8.41	50.2696
8.51	51.0599
8.61	51.8508
8.71	52.4651
8.81	53.0873
8.91	53.7016
9.01	54.3084
9.11	55.1037
9.21	55.8966
9.31	56.4897
9.41	57.0835
9.51	57.6775
9.61	58.2855
9.71	59.1094
9.81	59.9148
9.91	60.5202
10.01	61.1162
10.11	61.7109
10.21	62.3043
10.31	63.0949
10.41	63.8916
10.51	64.5123
10.61	65.1293
10.71	65.7419
10.81	66.3458
10.91	67.139
11.01	67.9313
11.11	68.5248
11.21	69.1185
11.31	69.7132
11.41	70.3344
11.51	71.1459
11.61	71.9557
11.71	72.5561
11.81	73.1519
11.91	73.745
12.01	74.3388
12.11	75.13
12.21	75.9351
12.31	76.5619
12.41	77.1701
12.51	77.7755
12.61	78.3715
12.71	79.1633
12.81	79.9539
12.91	80.5126
13.01	80.8802
13.11	80.9095
13.21	80.935
13.31	80.9561
13.41	80.9686
13.51	80.9732
13.61	80.977
13.71	80.979
13.81	80.9814
13.91	80.9845
14.01	81.0144
14.11	81.0373
14.21	81.0585
14.31	81.0675
14.41	81.0718
14.51	81.0735
14.61	81.0759
14.71	81.0785
14.81	81.095
14.91	81.1307
15.01	81.1507
15.11	81.1684
15.21	81.1762
15.31	81.1805
15.41	81.1828
15.51	81.1855
15.61	81.1875
15.71	81.1982
15.81	81.2339
15.91	81.2501
16.01	81.269
16.11	81.2742
16.21	81.2779
16.31	81.28
16.41	81.2823
16.51	81.2855
16.61	81.3153
16.71	81.3382
16.81	81.3594
16.91	81.3684
17.01	81.3727
17.11	81.3745
17.21	81.3768
17.31	81.3794
17.41	81.3959
17.51	81.4316
17.61	81.4516
17.71	81.4693
17.81	81.4771
17.91	81.4815
18.01	81.4838
18.11	81.4864
18.21	81.4884
18.31	81.4991
18.41	81.5348
18.51	81.551
18.61	81.5699
18.71	81.5751
18.81	81.5789
18.91	81.5809
19.01	81.5832
19.11	81.5864
19.21	81.6163
19.31	81.6409
19.41	81.665
19.51	81.678
19.61	81.6841
19.71	81.6879
19.81	81.6902
19.91	81.6919
20.01	81.6943
20.11	81.7172
20.21	81.7467
20.31	81.767
20.41	81.778
20.51	81.7824
20.61	81.7847
20.71	81.7873
20.81	81.7894
20.91	81.8001
21.01	81.8357
21.11	81.852
21.21	81.8708
21.31	81.876
21.41	81.8798
21.51	81.8818
21.61	81.8842
21.71	81.8873
21.81	81.9172
21.91	81.9418
22.01	81.9659
22.11	81.979
22.21	81.985
22.31	81.9888
22.41	81.9911
22.51	81.9929
22.61	81.9952
22.71	82.0181
22.81	82.0477
22.91	82.068
23.01	82.079
23.11	82.0833
23.21	82.0856
23.31	82.0883
23.41	82.0903
23.51	82.101
23.61	82.1367
23.71	82.1564
23.81	82.1781
23.91	82.1874
24.01	82.192
24.11	82.1952
24.21	82.1973
24.31	82.1993
24.41	82.2074
24.51	82.2367
24.61	82.2593
24.71	82.2782
24.81	82.286
24.91	82.2897
25.01	82.2921
25.11	82.2938
25.21	82.2961
25.31	82.319
25.41	82.3486
25.51	82.3689
25.61	82.3799
25.71	82.3843
25.81	82.3866
25.91	82.3892
26.01	82.3912
26.11	82.4019
26.21	82.4376
26.31	82.4573
26.41	82.4791
26.51	82.4883
26.61	82.493
26.71	82.4962
26.81	82.4982
26.91	82.5002
27.01	82.5083
27.11	82.5376
27.21	82.5602
27.31	82.5791
27.41	82.5869
27.51	82.5907
27.61	82.593
27.71	82.5947
27.81	82.5971
27.91	82.62
28.01	82.6507
28.11	82.6736
28.21	82.689
28.31	82.6956
28.41	82.7
28.51	82.7017
28.61	82.704
28.71	82.7066
28.81	82.7232
28.91	82.7585
29.01	82.7754
29.11	82.7893
29.21	82.7939
29.31	82.7971
29.41	82.7991
29.51	82.8012
29.61	82.8093
29.71	82.8386
29.81	82.8612
29.91	82.88
30.01	82.8878
30.11	82.8916
30.21	82.8939
30.31	82.8957
30.41	82.898
30.51	82.9209
30.61	82.9516
30.71	82.9745
30.81	82.9899
30.91	82.9966
31.01	83.0009
31.11	83.0027
31.21	83.005
31.31	83.0076
31.41	83.0241
31.51	83.0595
31.61	83.0763
31.71	83.0902
31.81	83.0948
31.91	83.098
32.01	83.1001
32.11	83.1021
32.21	83.1102
32.31	83.1395
32.41	83.165
32.51	83.1862
32.61	83.1986
32.71	83.2033
32.81	83.207
32.91	83.2091
33.01	83.2114
33.11	83.2146
33.21	83.2444
33.31	83.2673
33.41	83.2885
33.51	83.2975
33.61	83.3018
33.71	83.3036
33.81	83.3059
33.91	83.3085
34.01	83.325
34.11	83.3604
34.21	83.3772
34.31	83.3911
34.41	83.3958
34.51	83.399
34.61	83.401
34.71	83.403
34.81	83.4111
34.91	83.4404
35.01	83.4659
35.11	83.4871
35.21	83.4996
35.31	83.5042
35.41	83.508
35.51	83.51
35.61	83.5123
35.71	83.5155
35.81	83.5454
35.91	83.5683
36.01	83.5894
36.11	83.5984
36.21	83.6028
36.31	83.6045
36.41	83.6068
36.51	83.6095
36.61	83.626
36.71	83.6616
36.81	83.6816
36.91	83.6993
37.01	83.7072
37.11	83.7115
37.21	83.7138
37.31	83.7164
37.41	83.7185
37.51	83.7292
37.61	83.7648
37.71	83.7811
37.81	83.7999
37.91	83.8051
38.01	83.8089
38.11	83.8109
38.21	83.8133
38.31	83.8165
38.41	83.8463
38.51	83.8692
38.61	83.8904
38.71	83.8994
38.81	83.9037
38.91	83.9055
39.01	83.9078
39.11	83.9104
39.21	83.9269
39.31	83.9626
39.41	83.9826
39.51	84.0003
39.61	84.0081
39.71	84.0124
39.81	84.0148
39.91	84.0174
40.01	84.0194
40.11	84.0301
40.21	84.0658
40.31	84.082
40.41	84.1009
40.51	84.1061
40.61	84.1098
40.71	84.1119
40.81	84.1142
40.91	84.1174
41.01	84.1472
41.11	84.1719
41.21	84.196
41.31	84.209
41.41	84.2151
41.51	84.2189
41.61	84.2212
41.71	84.2229
41.81	84.2252
41.91	84.2481
42.01	84.2777
42.11	84.298
42.21	84.309
42.31	84.3134
42.41	84.3157
42.51	84.3183
42.61	84.3203
42.71	84.3311
42.81	84.3667
42.91	84.3829
43.01	84.4018
43.11	84.407
43.21	84.4108
43.31	84.4128
43.41	84.4151
43.51	84.4183
43.61	84.4482
43.71	84.4728
43.81	84.4969
43.91	84.5099
44.01	84.516
44.11	84.5198
44.21	84.5221
44.31	84.5238
44.41	84.5262
44.51	84.5491
44.61	84.5786
44.71	84.5989
44.81	84.61
44.91	84.6143
45.01	84.6166
45.11	84.6192
45.21	84.6213
45.31	84.632
45.41	84.6676
45.51	84.6874
45.61	84.7091
45.71	84.7184
45.81	84.723
45.91	84.7262
46.01	84.7282
46.11	84.7303
46.21	84.7384
46.31	84.7677
46.41	84.7903
46.51	84.8091
46.61	84.817
46.71	84.8207
46.81	84.823
46.91	84.8248
47.01	84.8271
47.11	84.85
47.21	84.8796
47.31	84.8999
47.41	84.9109
47.51	84.9152
47.61	84.9176
47.71	84.9202
47.81	84.9222
47.91	84.9329
48.01	84.9686
48.11	84.9883
48.21	85.01
48.31	85.0193
48.41	85.024
48.51	85.0271
48.61	85.0292
48.71	85.0312
48.81	85.0393
48.91	85.0686
49.01	85.0912
49.11	85.1101
49.21	85.1179
49.31	85.1217
49.41	85.124
49.51	85.1257
49.61	85.128
49.71	85.1509
49.81	85.1817
49.91	85.2046
50.01	85.2185
