# Time(s)	Cumulative_Traffic(MB)
0.01	0
0.11	0
0.21	0
0.31	0
0.41	0
0.51	0
0.61	0
0.71	0
0.81	0
0.91	0
1.01	0
1.11	0
1.21	0
1.31	0
1.41	0
1.51	0
1.61	0
1.71	0
1.81	0
1.91	0
2.01	0.788574
2.11	2.46429
2.21	4.04144
2.31	6.21002
2.41	7.88574
2.51	9.46289
2.61	11.6315
2.71	13.3072
2.81	14.8843
2.91	17.0529
3.01	18.7286
3.11	21.1813
3.21	24.0718
3.31	26.3326
3.41	28.0303
3.51	29.9276
3.61	31.3499
3.71	32.4811
3.81	34.0693
3.91	35.356
4.01	36.4504
4.11	38.0823
4.21	39.3974
4.31	40.4901
4.41	42.0716
4.51	43.3861
4.61	44.5191
4.71	46.1154
4.81	47.4029
4.91	48.4912
5.01	50.122
5.11	51.4417
5.21	52.537
5.31	54.1182
5.41	55.4188
5.51	56.5553
5.61	58.151
5.71	59.4376
5.81	60.5321
5.91	62.164
6.01	63.4791
6.11	64.5718
6.21	66.1533
6.31	67.4677
6.41	68.5961
6.51	70.1866
6.61	71.4721
6.71	72.5755
6.81	74.2083
6.91	75.5153
7.01	76.6062
7.11	78.188
7.21	79.5158
7.31	80.6352
7.41	82.2213
7.51	83.1418
7.61	83.1749
7.71	83.2189
7.81	83.2323
7.91	83.2363
8.01	83.2555
8.11	83.3111
8.21	83.3366
8.31	83.3433
8.41	83.3479
8.51	83.3943
8.61	83.4294
8.71	83.4384
8.81	83.4427
8.91	83.4758
9.01	83.5245
9.11	83.5436
9.21	83.5497
9.31	83.5538
9.41	83.6063
9.51	83.6376
9.61	83.6442
9.71	83.6489
9.81	83.6953
9.91	83.7303
10.01	83.7393
10.11	83.7437
10.21	83.7767
10.31	83.8254
10.41	83.8446
10.51	83.8507
10.61	83.8547
10.71	83.9072
10.81	83.9385
10.91	83.9452
11.01	83.9498
11.11	83.9962
11.21	84.0377
11.31	84.0516
11.41	84.0568
11.51	84.0669
11.61	84.1188
11.71	84.1455
11.81	84.1516
11.91	84.1557
12.01	84.2081
12.11	84.2394
12.21	84.2461
12.31	84.2507
12.41	84.2971
12.51	84.3386
12.61	84.3525
12.71	84.3577
12.81	84.3679
12.91	84.4198
13.01	84.4464
13.11	84.4525
13.21	84.4566
13.31	84.5102
13.41	84.5485
13.51	84.5595
13.61	84.5636
13.71	84.5827
13.81	84.6349
13.91	84.6534
14.01	84.6587
14.11	84.6688
14.21	84.7207
14.31	84.7474
14.41	84.7535
14.51	84.7575
14.61	84.8112
14.71	84.8494
14.81	84.8604
14.91	84.8645
15.01	84.8836
15.11	84.9358
15.21	84.9544
15.31	84.9596
15.41	84.9697
15.51	85.0245
15.61	85.0582
15.71	85.0666
15.81	85.0709
15.91	85.104
16.01	85.148
16.11	85.1614
16.21	85.1654
16.31	85.1846
16.41	85.2368
16.51	85.2553
16.61	85.2605
16.71	85.2707
16.81	85.3255
16.91	85.3591
17.01	85.3675
17.11	85.3719
17.21	85.4049
17.31	85.449
17.41	85.4623
17.51	85.4664
17.61	85.4855
17.71	85.5412
17.81	85.5667
17.91	85.5733
18.01	85.578
18.11	85.6244
18.21	85.6595
18.31	85.6684
18.41	85.6728
18.51	85.7058
18.61	85.7499
18.71	85.7632
18.81	85.7673
18.91	85.7864
19.01	85.8421
19.11	85.8676
19.21	85.8743
19.31	85.8789
19.41	85.9253
19.51	85.9604
19.61	85.9694
19.71	85.9737
19.81	86.0068
19.91	86.0555
20.01	86.0746
20.11	86.0807
20.21	86.0848
20.31	86.1372
20.41	86.1685
20.51	86.1752
20.61	86.1799
20.71	86.2262
20.81	86.2613
20.91	86.2703
21.01	86.2747
21.11	86.3077
21.21	86.3564
21.31	86.3755
21.41	86.3816
21.51	86.3857
21.61	86.4382
21.71	86.4695
21.81	86.4762
21.91	86.4808
22.01	86.5272
22.11	86.5686
22.21	86.5826
22.31	86.5878
22.41	86.5979
22.51	86.6498
22.61	86.6765
22.71	86.6826
22.81	86.6866
22.91	86.7391
23.01	86.7704
23.11	86.7771
23.21	86.7817
23.31	86.8281
23.41	86.8696
23.51	86.8835
23.61	86.8887
23.71	86.8988
23.81	86.9507
23.91	86.9774
24.01	86.9835
24.11	86.9876
24.21	87.0412
24.31	87.0795
24.41	87.0905
24.51	87.0945
24.61	87.1137
24.71	87.1659
24.81	87.1844
24.91	87.1896
25.01	87.1998
25.11	87.2517
25.21	87.2784
25.31	87.2844
25.41	87.2885
25.51	87.3421
25.61	87.3804
25.71	87.3914
25.81	87.3955
25.91	87.4146
26.01	87.4668
26.11	87.4854
26.21	87.4906
26.31	87.5007
26.41	87.5555
26.51	87.5891
26.61	87.5975
26.71	87.6019
26.81	87.6349
26.91	87.679
27.01	87.6924
27.11	87.6964
27.21	87.7155
27.31	87.7677
27.41	87.7863
27.51	87.7915
27.61	87.8017
27.71	87.8564
27.81	87.8901
27.91	87.8985
28.01	87.9028
28.11	87.9359
28.21	87.9799
28.31	87.9933
28.41	87.9973
28.51	88.0165
28.61	88.0721
28.71	88.0977
28.81	88.1043
28.91	88.109
29.01	88.1553
29.11	88.1904
29.21	88.1994
29.31	88.2038
29.41	88.2368
29.51	88.2809
29.61	88.2942
29.71	88.2983
29.81	88.3174
29.91	88.3731
30.01	88.3986
30.11	88.4053
30.21	88.4099
30.31	88.4563
30.41	88.4914
30.51	88.5004
30.61	88.5047
30.71	88.5378
30.81	88.5865
30.91	88.6056
31.01	88.6117
31.11	88.6157
31.21	88.6682
31.31	88.6995
31.41	88.7062
31.51	88.7108
31.61	88.7572
31.71	88.7923
31.81	88.8013
31.91	88.8056
32.01	88.8387
32.11	88.8874
32.21	88.9065
32.31	88.9126
32.41	88.9167
32.51	88.9691
32.61	89.0005
32.71	89.0071
32.81	89.0118
32.91	89.0582
33.01	89.0996
33.11	89.1135
33.21	89.1187
33.31	89.1289
33.41	89.1808
33.51	89.2075
33.61	89.2135
33.71	89.2176
33.81	89.2701
33.91	89.3014
34.01	89.3081
34.11	89.3127
34.21	89.3591
34.31	89.4005
34.41	89.4145
34.51	89.4197
34.61	89.4298
34.71	89.4817
34.81	89.5084
34.91	89.5145
35.01	89.5185
35.11	89.5722
35.21	89.6104
35.31	89.6215
35.41	89.6255
35.51	89.6447
35.61	89.6968
35.71	89.7154
35.81	89.7206
35.91	89.7308
36.01	89.7827
36.11	89.8093
36.21	89.8154
36.31	89.8195
36.41	89.8731
36.51	89.9114
36.61	89.9224
36.71	89.9265
36.81	89.9456
36.91	89.9978
37.01	90.0163
37.11	90.0215
37.21	90.0317
37.31	90.0865
37.41	90.1201
37.51	90.1285
37.61	90.1329
37.71	90.1659
37.81	90.21
37.91	90.2233
38.01	90.2274
38.11	90.2465
38.21	90.2987
38.31	90.3173
38.41	90.3225
38.51	90.3326
38.61	90.3874
38.71	90.4211
38.81	90.4295
38.91	90.4338
39.01	90.4669
39.11	90.5109
39.21	90.5243
39.31	90.5283
39.41	90.5475
39.51	90.6031
39.61	90.6286
39.71	90.6353
39.81	90.6399
39.91	90.6863
40.01	90.7214
40.11	90.7304
40.21	90.7347
40.31	90.7678
40.41	90.8119
40.51	90.8252
40.61	90.8293
40.71	90.8484
40.81	90.9041
40.91	90.9296
41.01	90.9362
41.11	90.9409
41.21	90.9873
41.31	91.0223
41.41	91.0313
41.51	91.0357
41.61	91.0687
41.71	91.1174
41.81	91.1366
41.91	91.1427
42.01	91.1467
42.11	91.1992
42.21	91.2305
42.31	91.2372
42.41	91.2418
42.51	91.2882
42.61	91.3233
42.71	91.3323
42.81	91.3366
42.91	91.3697
43.01	91.4184
43.11	91.4375
43.21	91.4436
43.31	91.4476
43.41	91.5001
43.51	91.5314
43.61	91.5381
43.71	91.5427
43.81	91.5891
43.91	91.6306
44.01	91.6445
44.11	91.6497
44.21	91.6599
44.31	91.7118
44.41	91.7384
44.51	91.7445
44.61	91.7486
44.71	91.8011
44.81	91.8324
44.91	91.839
45.01	91.8437
45.11	91.8901
45.21	91.9315
45.31	91.9454
45.41	91.9507
45.51	91.9608
45.61	92.0127
45.71	92.0394
45.81	92.0455
45.91	92.0495
46.01	92.1031
46.11	92.1414
46.21	92.1524
46.31	92.1565
46.41	92.1756
46.51	92.2278
46.61	92.2464
46.71	92.2516
46.81	92.2617
46.91	92.3136
47.01	92.3403
47.11	92.3464
47.21	92.3504
47.31	92.4041
47.41	92.4424
47.51	92.4534
47.61	92.4574
47.71	92.4766
47.81	92.5287
47.91	92.5473
48.01	92.5525
48.11	92.5627
48.21	92.6175
48.31	92.6511
48.41	92.6595
48.51	92.6638
48.61	92.6969
48.71	92.741
48.81	92.7543
48.91	92.7584
49.01	92.7775
49.11	92.8297
49.21	92.8482
49.31	92.8535
49.41	92.8636
49.51	92.9184
49.61	92.952
49.71	92.9604
49.81	92.9648
49.91	92.9978
50.01	93.0402
