0.01 0
1.01 0
2.01 6.61504
3.01 248.064
4.01 207.938
5.01 169.44
6.01 110.661
7.01 4.19763
8.01 3.82067
9.01 3.93254
10.01 4.17331
11.01 3.75014
12.01 4.18304
13.01 4.04198
14.01 3.83283
15.01 4.32653
16.01 3.79635
17.01 4.18304
18.01 4.03226
19.01 3.74528
20.01 4.42381
21.01 3.79635
22.01 3.93254
23.01 4.25114
24.01 3.7769
25.01 4.04928
26.01 4.14899
27.01 3.65773
28.01 4.28032
29.01 3.73798
30.01 4.04928
31.01 4.14899
32.01 3.65773
33.01 4.19763
34.01 4.00794
35.01 3.69421
36.01 4.33626
37.01 3.83526
38.01 3.83283
39.01 4.2633
40.01 3.65773
41.01 4.26573
42.01 3.9593
43.01 3.97632
44.01 4.12954
45.01 3.75014
46.01 4.2025
47.01 4.00794
48.01 3.74528
49.01 4.28518
50.01 3.82797
