# Time(s)	Cumulative_Traffic(MB)
0.01	0
0.11	0
0.21	0
0.31	0
0.41	0
0.51	0
0.61	0
0.71	0
0.81	0
0.91	0
1.01	0
1.11	0
1.21	0
1.31	0
1.41	0
1.51	0
1.61	0
1.71	0
1.81	0
1.91	0
2.01	87.8144
2.11	99.659
2.21	99.659
2.31	99.659
2.41	99.659
2.51	99.659
2.61	99.659
2.71	99.659
2.81	99.659
2.91	99.659
3.01	99.659
3.11	99.659
3.21	99.659
3.31	99.659
3.41	99.659
3.51	99.659
3.61	99.659
3.71	99.659
3.81	99.659
3.91	99.659
4.01	99.659
4.11	99.659
4.21	99.659
4.31	99.659
4.41	99.659
4.51	99.659
4.61	99.659
4.71	99.659
4.81	99.659
4.91	99.659
5.01	99.659
5.11	99.659
5.21	99.659
5.31	99.659
5.41	99.659
5.51	99.659
5.61	99.659
5.71	99.659
5.81	99.659
5.91	99.659
6.01	99.659
6.11	99.659
6.21	99.659
6.31	99.659
6.41	99.659
6.51	99.659
6.61	99.659
6.71	99.659
6.81	99.659
6.91	99.659
7.01	99.659
7.11	99.659
7.21	99.659
7.31	99.659
7.41	99.659
7.51	99.659
7.61	99.659
7.71	99.659
7.81	99.659
7.91	99.659
8.01	99.659
8.11	99.659
8.21	99.659
8.31	99.659
8.41	99.659
8.51	99.659
8.61	99.659
8.71	99.659
8.81	99.659
8.91	99.659
9.01	99.659
9.11	99.659
9.21	99.659
9.31	99.659
9.41	99.659
9.51	99.659
9.61	99.659
9.71	99.659
9.81	99.659
9.91	99.659
10.01	99.659
10.11	99.659
10.21	99.659
10.31	99.659
10.41	99.659
10.51	99.659
10.61	99.659
10.71	99.659
10.81	99.659
10.91	99.659
11.01	99.659
11.11	99.659
11.21	99.659
11.31	99.659
11.41	99.659
11.51	99.659
11.61	99.659
11.71	99.659
11.81	99.659
11.91	99.659
12.01	99.659
12.11	99.659
12.21	99.659
12.31	99.659
12.41	99.659
12.51	99.659
12.61	99.659
12.71	99.659
12.81	99.659
12.91	99.659
13.01	99.659
13.11	99.659
13.21	99.659
13.31	99.659
13.41	99.659
13.51	99.659
13.61	99.659
13.71	99.659
13.81	99.659
13.91	99.659
14.01	99.659
14.11	99.659
14.21	99.659
14.31	99.659
14.41	99.659
14.51	99.659
14.61	99.659
14.71	99.659
14.81	99.659
14.91	99.659
15.01	99.659
15.11	99.659
15.21	99.659
15.31	99.659
15.41	99.659
15.51	99.659
15.61	99.659
15.71	99.659
15.81	99.659
15.91	99.659
16.01	99.659
16.11	99.659
16.21	99.659
16.31	99.659
16.41	99.659
16.51	99.659
16.61	99.659
16.71	99.659
16.81	99.659
16.91	99.659
17.01	99.659
17.11	99.659
17.21	99.659
17.31	99.659
17.41	99.659
17.51	99.659
17.61	99.659
17.71	99.659
17.81	99.659
17.91	99.659
18.01	99.659
18.11	99.659
18.21	99.659
18.31	99.659
18.41	99.659
18.51	99.659
18.61	99.659
18.71	99.659
18.81	99.659
18.91	99.659
19.01	99.659
19.11	99.659
19.21	99.659
19.31	99.659
19.41	99.659
19.51	99.659
19.61	99.659
19.71	99.659
19.81	99.659
19.91	99.659
20.01	99.659
20.11	99.659
20.21	99.659
20.31	99.659
20.41	99.659
20.51	99.659
20.61	99.659
20.71	99.659
20.81	99.659
20.91	99.659
21.01	99.659
21.11	99.659
21.21	99.659
21.31	99.659
21.41	99.659
21.51	99.659
21.61	99.659
21.71	99.659
21.81	99.659
21.91	99.659
22.01	99.659
22.11	99.659
22.21	99.659
22.31	99.659
22.41	99.659
22.51	99.659
22.61	99.659
22.71	99.659
22.81	99.659
22.91	99.659
23.01	99.659
23.11	99.659
23.21	99.659
23.31	99.659
23.41	99.659
23.51	99.659
23.61	99.659
23.71	99.659
23.81	99.659
23.91	99.659
24.01	99.659
24.11	99.659
24.21	99.659
24.31	99.659
24.41	99.659
24.51	99.659
24.61	99.659
24.71	99.659
24.81	99.659
24.91	99.659
25.01	99.659
25.11	99.659
25.21	99.659
25.31	99.659
25.41	99.659
25.51	99.659
25.61	99.659
25.71	99.659
25.81	99.659
25.91	99.659
26.01	99.659
26.11	99.659
26.21	99.659
26.31	99.659
26.41	99.659
26.51	99.659
26.61	99.659
26.71	99.659
26.81	99.659
26.91	99.659
27.01	99.659
27.11	99.659
27.21	99.659
27.31	99.659
27.41	99.659
27.51	99.659
27.61	99.659
27.71	99.659
27.81	99.659
27.91	99.659
28.01	99.659
28.11	99.659
28.21	99.659
28.31	99.659
28.41	99.659
28.51	99.659
28.61	99.659
28.71	99.659
28.81	99.659
28.91	99.659
29.01	99.659
29.11	99.659
29.21	99.659
29.31	99.659
29.41	99.659
29.51	99.659
29.61	99.659
29.71	99.659
29.81	99.659
29.91	99.659
30.01	99.659
30.11	99.659
30.21	99.659
30.31	99.659
30.41	99.659
30.51	99.659
30.61	99.659
30.71	99.659
30.81	99.659
30.91	99.659
31.01	99.659
31.11	99.659
31.21	99.659
31.31	99.659
31.41	99.659
31.51	99.659
31.61	99.659
31.71	99.659
31.81	99.659
31.91	99.659
32.01	99.659
32.11	99.659
32.21	99.659
32.31	99.659
32.41	99.659
32.51	99.659
32.61	99.659
32.71	99.659
32.81	99.659
32.91	99.659
33.01	99.659
33.11	99.659
33.21	99.659
33.31	99.659
33.41	99.659
33.51	99.659
33.61	99.659
33.71	99.659
33.81	99.659
33.91	99.659
34.01	99.659
34.11	99.659
34.21	99.659
34.31	99.659
34.41	99.659
34.51	99.659
34.61	99.659
34.71	99.659
34.81	99.659
34.91	99.659
35.01	99.659
35.11	99.659
35.21	99.659
35.31	99.659
35.41	99.659
35.51	99.659
35.61	99.659
35.71	99.659
35.81	99.659
35.91	99.659
36.01	99.659
36.11	99.659
36.21	99.659
36.31	99.659
36.41	99.659
36.51	99.659
36.61	99.659
36.71	99.659
36.81	99.659
36.91	99.659
37.01	99.659
37.11	99.659
37.21	99.659
37.31	99.659
37.41	99.659
37.51	99.659
37.61	99.659
37.71	99.659
37.81	99.659
37.91	99.659
38.01	99.659
38.11	99.659
38.21	99.659
38.31	99.659
38.41	99.659
38.51	99.659
38.61	99.659
38.71	99.659
38.81	99.659
38.91	99.659
39.01	99.659
39.11	99.659
39.21	99.659
39.31	99.659
39.41	99.659
39.51	99.659
39.61	99.659
39.71	99.659
39.81	99.659
39.91	99.659
40.01	99.659
40.11	99.659
40.21	99.659
40.31	99.659
40.41	99.659
40.51	99.659
40.61	99.659
40.71	99.659
40.81	99.659
40.91	99.659
41.01	99.659
41.11	99.659
41.21	99.659
41.31	99.659
41.41	99.659
41.51	99.659
41.61	99.659
41.71	99.659
41.81	99.659
41.91	99.659
42.01	99.659
42.11	99.659
42.21	99.659
42.31	99.659
42.41	99.659
42.51	99.659
42.61	99.659
42.71	99.659
42.81	99.659
42.91	99.659
43.01	99.659
43.11	99.659
43.21	99.659
43.31	99.659
43.41	99.659
43.51	99.659
43.61	99.659
43.71	99.659
43.81	99.659
43.91	99.659
44.01	99.659
44.11	99.659
44.21	99.659
44.31	99.659
44.41	99.659
44.51	99.659
44.61	99.659
44.71	99.659
44.81	99.659
44.91	99.659
45.01	99.659
45.11	99.659
45.21	99.659
45.31	99.659
45.41	99.659
45.51	99.659
45.61	99.659
45.71	99.659
45.81	99.659
45.91	99.659
46.01	99.659
46.11	99.659
46.21	99.659
46.31	99.659
46.41	99.659
46.51	99.659
46.61	99.659
46.71	99.659
46.81	99.659
46.91	99.659
47.01	99.659
47.11	99.659
47.21	99.659
47.31	99.659
47.41	99.659
47.51	99.659
47.61	99.659
47.71	99.659
47.81	99.659
47.91	99.659
48.01	99.659
48.11	99.659
48.21	99.659
48.31	99.659
48.41	99.659
48.51	99.659
48.61	99.659
48.71	99.659
48.81	99.659
48.91	99.659
49.01	99.659
49.11	99.659
49.21	99.659
49.31	99.659
49.41	99.659
49.51	99.659
49.61	99.659
49.71	99.659
49.81	99.659
49.91	99.659
50.01	99.659
